8
8.1
8.2
8.2
8.5
8.7
8.8
8.8
8.7
8.8
9
8.5
8.5
9.8
8
8.6
8
8.2
7.6
7.4
8.1
8.3
8.8
8.6
8.8
9.2
9
8.4
8.9
8.4
8.9
8.8
8.8
8.6
9.1
9.1
8.5
8.6
8.6
7.7
8.6
8.6
8.7
8.9
8.6
8.8
9
9.6
9.6
9.6
9.4
8.6
9.2
8.4
8
8.5
8.4
8.4
8.8
8.5
8.8
8.4
9.2
9
8.1
8.3
9.1
8.7
8
8.1
8.4
9.3
8.2
8.1
9
8.2
8.6
8.8
8.5
7.9
8.2
8.4
8.6
8.6
7.9
7.8
7.8
7.7
8.3
8.1
8.7
8.2
8.1
8.7
9.7
7.9
8
8.1
8.3
7.8
8.4
8.3
8.4
8
8.2
8.2
8
8.3
9.6
8.4
7.9
8.5
7.9
8.7
8.2
8.2
8
7.7
7.8
8.5
9
7.9
7.5
7.1
7.9
7.9
8
7.5
8.2
7.9
8.1
7.3
6.5
7.9
7.9
8.8
9.9
8.9
8
8.5
8.1
8
7.8
7.5
8.2
8.6
7.6
8.2
7.7
7.3
7.6
8
7.4
7.7
7.8
8.1
7.5
8.2
7.8
8.3
7.7
7.7
8.2
7.5
8.2
8.1
8.1
8.4
7.7
8.2
8.3
8
7.9
8.1
7.6
7.7
7.2
7.8
7.5
7.2
7.8
7.8
7.7
7.5
7.6
7.2
8.4
7.5
8
8.1
8
7.7
7.4
7.8
8.3
7.1
7.1
6.9
7.6
7
7.4
7.7
7.8
8.8
8.1
8.4
8.2
9
8.9
7.9
7.5
8.2
7.9
8
8.2
7.5
7.5
7.3
7.2
7.3