-257
-260
-263
-266
-269
-272
-274
-277
-280
-283
-286
-289
-291
-294
-297
-300
-303
-305
-308
-311
-314
-317
-320
-322
-325
-328
-331
-334
-337
-339
-342
-345
-348
-351
-354
-356
-359
-362
-365
-368
-371
-373
-376
-379
-382
-385
-388
-390
-393
-396
-399
-402
-405
-407
-410
-413
-416
-419
-422
-424
-427
-430
-433
-436
-439
-441
-444
-447
-450
-453
-456
-458
-461
-464
-467
-470
-473
-475
-478
-481
-484
-487
-490
-492
-495
-498
-501
-504
-507
-509
-512
-515
-518
-521
-524
-526
-529
-532
-535
-538
-541
-543
-546
-549
-552
-555
-558
-560
-563
-566
-569
-572
-575
-577
-580
-583
-586
-589
-592
-594
-597
-600
-603
-606
-609
-611
-614
-617
-620
-623
-625
-628
-631
-634
-637
-640
-642
-645
-648
-651
-654
-657
-659
-662
-665
-668
-671
-674
-676
-679
-682
-685
-688
-691
-693
-696
-699
-702
-705
-708
-710
-713
-716
-719
-722
-725
-727
-730
-733
-736
-739
-742
-744
-747
-750
-753
-756
-759
-761
-764
-767
-770
-773
-776
-778
-781
-784
-787
-790
-793
-795
-798
-801
-804
-807
-810
-812
-815
-818
-821
-824
-827
-829
-832
-835
-838
-841
-844
-846
-849
-852
-855
-858
-861
-863
-866
-869
-872
-875
-878